((("guancio-org-menu" .
   [0 0 0 0 0 0 0 1 0 0 0 0 0 0 0 0])
  ("menu" .
   [1 0 0 0])
  ("guancio-popup-openagenda" .
   [1 0 0 0 0 0 0 0 0 0 0 0 0 0 0 0 0 0 0 0 0 0 0 0])
  ("progn" .
   [1 0 0 0 0])
  ("e" .
   [1])
  ("a" .
   [1])
  ("require" .
   [1 0 0 0 0 0 0])
  ("list" .
   [1 0 0 0])
  ("guancio-popup-todo" .
   [1 0 0 0 0 0 0 0 0 0 0 0 0 0 0 0 0 0])
  ("items" .
   [4 0 0 0 1])
  ("setq" .
   [1 0 0 0])
  ("cons" .
   [1 0 0 0])
  ("if" .
   [1 0])
  ("t" .
   [1])
  ("_" .
   [1])))
